835778142397
900775193324
73540744046
134081449416
118103590029
704004213787
461238273818
263075891339
260366720158
644839893718
364284953037
75129805836
546028436237
301212970146
813170021634
776688473802
754269160438
967445298084
148437038400
115068138842
211156116282
222331671959
681062207367
375573498031
700696095908
634382273483
416863758830
689844416344
28775145553
155475699841
488498344709
895096411205
482936035661
239240727328
368927713113
656640167904
906386233524
680108209436
513987025103
824603948577
85377781981
925551722924
745942211350
98984210745
847172213281
44700343088
762521697745
140939807354
155633965797
236239797241
561771402999
585067159890
655724086928
688715851902
162297523195
795392846096
464262721430
253773903088
843343234133
285709811944
924448682185
795246309697
15718875853
158446079906
866468676043
219146975545
156835433038
789439144779
944832735436
646256106559
886270751331
131298945780
418280189528
338621038345
636921586059
156858025952
615495037596
494883873967
400627961288
147398812255
855916117205
915350356305
880487289373
154447129190
902463714668
220446696086
163250840260
116089615925
105324679741
967997801047
740849726207
326489971391
583000103826
967469408760
137618490008
304066508145
748292375255
251783696112
713314234685
93298290185
